Time	FurnaceID	TubeID	BoatID	ZoneID	P1	P2	P3	P4	P5	P6	P7	P8	P9	Average	Stdev	Max	Min	Homogeneity	Vd1	Vd2	Vd3	Vd4	Vd5	Vd6	Vd7	Vd8	Vd9	Quality	VdQuality
2025/11/12 20:03:23	1	DIFFXBCL10-03	N1	6	169.7	171.8	170.4	175.1	176.9	173.6	175.2	176.97	173.6	173.6	2.40	176.9	169.7	0.02	1.01	0.93	0.93	1.16	1.16	1.21	1.12	1.13	1.12	1	0
2025/11/12 20:06:56	1	DIFFXBCL10-03	N1	8	182.6	184.6	183.9	186.6	187.7	183.5	182.9	185.7	184.0	184.6	1.63	187.7	182.6	0.01	1.02	0.94	0.94	1.19	1.19	1.23	1.14	1.15	1.16	1	0
2025/11/12 20:12:23	1	DIFFXBCL10-03	N1	10	187.9	188.2	186.4	189.4	191.6	190.0	188.1	188.6	185.9	188.5	1.65	191.6	185.9	0.02	1.01	0.92	0.91	1.16	1.17	1.21	1.12	1.12	1.13	1	0
2025/11/12 20:15:43	1	DIFFXBCL10-03	N1	12	196.3	197.6	197.5	201.0	202.2	199.9	200.2	201.5	200.2	199.6	1.90	202.2	196.3	0.01	1.02	0.91	0.92	1.16	1.16	1.21	1.12	1.13	1.13	2	0
2025/11/12 20:48:41	2	DIFFXBCL10-03	N2	2	162.0	165.5	190.6	171.8	162.3	161.2	161.1	161.2	170.2	167.3	9.07	190.6	161.1	0.09	0.98	0.91	0.89	1.14	1.14	1.19	1.09	1.09	1.14	2	1
2025/11/12 20:50:50	2	DIFFXBCL10-03	N2	4	180.7	182.4	182.1	186.7	186.7	182.4	183.0	186.1	185.9	184.0	2.19	186.7	180.7	0.02	0.99	0.95	0.91	1.16	1.14	1.19	1.11	1.11	1.12	1	1
2025/11/12 20:53:00	2	DIFFXBCL10-03	N2	6	0.1	0.1	0.1	0.1	0.1	0.1	0.1	0.1	0.1	0.1	0.00	0.1	0.1	0.00	1.57	1.56	1.52	1.66	1.69	1.69	1.92	1.88	1.84	0	0
2025/11/12 20:57:00	2	DIFFXBCL10-03	N2	8	168.9	171.3	170.8	177.1	177.8	172.7	172.7	176.0	175.6	173.7	2.91	177.8	168.9	0.03	0.98	0.90	0.89	1.15	1.14	1.19	1.09	1.11	1.10	1	1
2025/11/12 21:07:25	2	DIFFXBCL10-03	N2	10	175.9	178.7	178.1	183.2	183.7	179.7	178.9	182.1	180.8	180.1	2.41	183.7	175.9	0.02	1.00	0.92	0.89	1.13	1.13	1.22	1.13	1.05	1.10	1	0
2025/11/12 21:09:57	2	DIFFXBCL10-03	N2	12	191.1	192.8	191.2	196.9	198.0	194.6	192.8	195.7	193.5	194.1	2.29	198.0	191.1	0.02	1.00	0.90	0.90	1.16	1.16	1.20	1.11	1.10	1.12	2	1
2025/11/12 21:23:51	1	DIFFXBCL10-02	A1	2	173.9	175.7	202.1	180.9	168.4	168.8	171.1	168.8	179.1	176.5	10.01	202.1	168.4	0.10	1.01	0.92	0.90	1.15	1.13	1.20	1.12	1.11	1.13	1	1
2025/11/12 21:27:10	1	DIFFXBCL10-02	A1	4	190.8	192.5	192.5	198.1	197.3	194.5	196.3	198.8	198.3	195.5	2.80	198.8	190.8	0.02	1.01	0.92	0.91	1.17	1.16	1.21	1.11	1.12	1.12	2	0
2025/11/12 21:30:12	1	DIFFXBCL10-02	A1	6	175.7	177.0	178.5	184.7	182.1	178.8	182.3	185.7	186.9	181.3	3.77	186.9	175.7	0.03	0.99	0.91	0.89	1.14	1.13	1.20	1.10	1.10	1.10	1	1
2025/11/12 22:13:47	1	DIFFXBCL10-02	A1	8	171.9	175.0	174.7	181.4	180.4	176.7	177.3	181.0	180.8	177.7	3.21	181.4	171.9	0.03	0.99	0.95	0.90	1.15	1.15	1.17	1.06	1.07	1.11	1	1
2025/11/12 22:16:06	1	DIFFXBCL10-02	A1	10	180.5	183.1	182.7	188.8	189.5	185.9	185.2	188.5	187.3	185.7	2.94	189.5	180.5	0.02	1.01	0.95	0.94	1.18	1.20	1.22	1.14	1.12	1.14	1	0
2025/11/12 22:21:13	1	DIFFXBCL10-02	A1	12	196.6	202.7	204.7	210.4	211.0	204.5	203.1	207.0	205.5	205.1	4.07	211.0	196.6	0.04	1.00	0.96	0.90	1.18	1.16	1.18	1.10	1.10	1.10	0	1
2025/11/12 22:25:57	2	DIFFXBCL10-02	A2	2	161.9	165.8	193.1	174.2	162.8	160.5	160.1	160.8	173.8	168.1	10.23	193.1	160.1	0.10	0.98	0.88	0.87	1.17	1.16	1.17	1.07	1.08	1.12	2	1
2025/11/12 22:31:36	2	DIFFXBCL10-02	A2	4	186.0	188.2	188.6	193.6	192.3	188.7	189.6	192.1	192.3	190.2	2.38	193.6	186.0	0.02	0.98	0.90	0.88	1.13	1.13	1.16	1.09	1.08	1.08	2	1
2025/11/12 22:33:47	2	DIFFXBCL10-02	A2	6	174.7	175.8	176.6	180.0	178.9	176.4	178.3	180.0	180.0	177.9	1.91	180.0	174.7	0.01	1.00	0.91	0.90	1.16	1.15	1.20	1.11	1.11	1.12	1	1
2025/11/12 22:37:15	2	DIFFXBCL10-02	A2	8	168.1	170.1	170.3	177.2	177.3	173.4	173.9	176.8	175.9	173.7	3.26	177.3	168.1	0.03	1.00	0.89	0.90	1.15	1.15	1.20	1.12	1.11	1.09	1	1
2025/11/12 22:40:38	2	DIFFXBCL10-02	A2	10	174.1	175.2	173.8	179.6	181.1	177.4	176.5	179.0	177.5	177.1	2.36	181.1	173.8	0.02	0.98	0.91	0.91	1.16	1.15	1.20	1.12	1.12	1.13	1	1
2025/11/12 22:44:15	2	DIFFXBCL10-02	A2	12	181.4	183.1	181.4	188.2	189.6	186.7	187.1	189.7	187.1	186.0	3.08	189.7	181.4	0.02	0.99	0.93	0.89	1.17	1.19	1.20	1.11	1.11	1.13	1	1
2025/11/12 22:46:25	1	DIFFXBCL10-04	C1	2	169.0	171.3	199.9	176.3	164.3	165.5	164.4	162.5	172.4	171.7	10.83	199.9	162.5	0.11	1.02	0.92	0.91	1.16	1.16	1.20	1.13	1.11	1.13	1	1
2025/11/12 23:17:58	1	DIFFXBCL10-04	C1	4	187.1	189.5	189.6	196.7	196.0	193.7	195.0	197.7	197.3	193.6	3.70	197.7	187.1	0.03	1.02	0.91	0.91	1.15	1.17	1.19	1.10	1.11	1.11	2	1
2025/11/12 23:20:35	1	DIFFXBCL10-04	C1	6	172.5	173.6	174.1	179.4	177.6	174.7	176.2	178.8	179.7	176.3	2.54	179.7	172.5	0.02	1.03	0.96	0.93	1.20	1.19	1.22	1.14	1.16	1.16	1	0
2025/11/12 23:23:27	1	DIFFXBCL10-04	C1	8	174.5	177.0	177.4	184.4	183.6	178.9	180.8	185.1	184.7	180.7	3.71	185.1	174.5	0.03	1.00	0.90	0.91	1.17	1.17	1.22	1.12	1.12	1.13	1	0
2025/11/12 23:25:45	1	DIFFXBCL10-04	C1	10	178.8	182.1	182.0	186.7	186.9	183.6	182.2	184.1	183.1	183.3	2.35	186.9	178.8	0.02	0.99	0.94	0.91	1.17	1.16	1.20	1.13	1.11	1.12	1	1
2025/11/12 23:28:23	1	DIFFXBCL10-04	C1	12	187.7	189.6	189.4	194.9	196.6	192.4	191.0	193.6	192.4	192.0	2.68	196.6	187.7	0.02	1.01	0.92	0.88	1.14	1.15	1.19	1.09	1.10	1.08	2	1
2025/11/12 23:33:11	2	DIFFXBCL10-04	C2	2	158.4	159.7	173.1	166.1	165.4	162.9	159.9	162.6	165.5	163.7	4.22	173.1	158.4	0.04	1.01	0.93	0.90	1.16	1.16	1.20	1.12	1.10	1.12	2	1
2025/11/12 23:35:35	2	DIFFXBCL10-04	C2	4	192.2	193.6	194.9	199.0	196.2	192.9	194.3	196.8	198.0	195.3	2.20	199.0	192.2	0.02	0.95	0.89	0.83	1.13	1.12	1.18	1.08	1.08	1.10	2	1
2025/11/12 23:37:54	2	DIFFXBCL10-04	C2	6	179.8	181.8	184.6	188.3	184.7	182.6	184.0	185.8	188.2	184.4	2.65	188.3	179.8	0.02	0.98	0.92	0.90	1.15	1.15	1.19	1.11	1.09	1.08	1	1
2025/11/12 23:40:39	2	DIFFXBCL10-04	C2	8	172.9	175.3	176.0	180.9	180.4	175.6	178.4	181.5	181.4	178.0	3.00	181.5	172.9	0.02	0.97	0.90	0.89	1.15	1.15	1.18	1.10	1.10	1.10	1	1
2025/11/12 23:43:48	2	DIFFXBCL10-04	C2	10	170.9	173.9	173.8	180.1	179.6	176.0	176.0	179.4	178.6	176.5	3.01	180.1	170.9	0.03	1.03	0.95	0.92	1.17	1.17	1.20	1.12	1.14	1.13	1	1
2025/11/12 23:46:53	2	DIFFXBCL10-04	C2	12	174.3	177.3	176.6	184.3	185.4	181.2	179.8	183.9	181.5	180.5	3.59	185.4	174.3	0.03	1.00	0.96	0.91	1.18	1.17	1.22	1.11	1.12	1.12	1	0
2025/11/12 23:50:50	1	DIFFXBCL10-05	Q1	2	166.8	164.3	158.2	163.4	178.1	175.2	173.5	176.0	162.8	168.7	6.69	178.1	158.2	0.06	1.03	0.95	0.93	1.19	1.19	1.23	1.14	1.13	1.15	2	0
2025/11/12 23:55:34	1	DIFFXBCL10-05	Q1	4	203.9	211.2	214.3	222.6	221.4	213.3	217.3	222.4	223.4	216.6	6.20	223.4	203.9	0.05	1.02	0.96	0.93	1.18	1.20	1.23	1.14	1.15	1.15	0	0
2025/11/12 23:58:22	1	DIFFXBCL10-05	Q1	6	189.1	189.4	193.2	195.7	193.5	191.4	194.4	195.7	197.7	193.3	2.76	197.7	189.1	0.02	1.02	0.92	0.93	1.17	1.18	1.22	1.14	1.15	1.17	2	0
2025/11/13 00:01:56	1	DIFFXBCL10-05	Q1	8	184.5	186.2	189.0	193.9	190.7	188.5	192.3	194.4	195.5	190.6	3.59	195.5	184.5	0.03	1.01	0.92	0.91	1.17	1.16	1.21	1.12	1.12	1.13	2	0
2025/11/13 00:07:48	1	DIFFXBCL10-05	Q1	10	176.7	178.9	179.3	184.8	181.4	179.5	181.2	184.5	185.1	181.3	2.81	185.1	176.7	0.02	1.01	0.97	0.91	1.17	1.18	1.21	1.11	1.12	1.11	1	0
2025/11/13 00:10:28	1	DIFFXBCL10-05	Q1	12	174.9	177.2	176.6	183.7	154.1	179.4	180.4	183.6	182.0	176.9	8.56	183.7	154.1	0.08	1.04	0.96	0.93	1.18	1.17	1.22	1.12	1.14	1.13	1	0
2025/11/13 00:12:40	2	DIFFXBCL10-05	Q2	2	163.3	168.0	195.0	180.8	169.0	166.0	169.1	170.5	184.9	174.1	9.90	195.0	163.3	0.09	0.99	0.95	0.92	1.16	1.16	1.20	1.13	1.12	1.14	1	1
2025/11/13 00:16:03	2	DIFFXBCL10-05	Q2	4	188.8	190.6	190.7	196.9	196.9	192.8	193.8	196.7	195.8	193.7	2.93	196.9	188.8	0.02	0.98	0.92	0.91	1.17	1.16	1.20	1.12	1.10	1.13	2	1
2025/11/13 00:18:51	2	DIFFXBCL10-05	Q2	6	176.5	178.7	180.5	185.3	184.5	180.6	181.8	184.6	185.6	182.0	3.02	185.6	176.5	0.02	0.98	0.90	0.89	1.16	1.14	1.18	1.10	1.09	1.11	1	1
2025/11/13 00:21:30	2	DIFFXBCL10-05	Q2	8	169.8	172.5	173.7	181.0	180.0	176.3	176.6	180.9	180.8	176.8	3.92	181.0	169.8	0.03	1.00	0.86	0.89	1.14	1.11	1.19	1.10	1.11	1.10	1	1
2025/11/13 00:23:35	2	DIFFXBCL10-05	Q2	10	173.4	175.9	176.0	181.5	182.0	177.0	177.1	180.8	180.5	178.2	2.85	182.0	173.4	0.02	0.98	0.88	0.89	1.15	1.14	1.18	1.09	1.10	1.12	1	1
2025/11/13 00:25:55	2	DIFFXBCL10-05	Q2	12	181.2	183.1	182.5	189.4	190.2	186.7	185.9	188.6	187.4	186.1	3.02	190.2	181.2	0.02	0.96	0.90	0.88	1.13	1.14	1.20	1.11	1.11	1.11	1	1
2025/11/13 00:29:58	1	DIFFXBCL10-01	P1	2	166.0	169.8	191.4	174.7	175.4	174.5	169.4	170.4	177.4	174.3	6.93	191.4	166.0	0.07	1.01	0.91	0.90	1.16	1.15	1.20	1.11	1.12	1.06	1	1
2025/11/13 00:34:27	1	DIFFXBCL10-01	P1	4	192.7	193.8	193.7	197.9	198.5	196.9	197.7	198.9	197.1	196.4	2.19	198.9	192.7	0.02	1.00	0.93	0.91	1.16	1.16	1.20	1.11	1.13	1.13	2	1
2025/11/13 00:37:34	1	DIFFXBCL10-01	P1	6	171.2	171.9	171.9	176.2	176.0	173.0	173.2	176.0	175.3	173.9	1.90	176.2	171.2	0.01	1.00	0.83	0.83	1.12	1.14	1.18	1.15	1.09	1.02	1	1
2025/11/13 00:40:53	1	DIFFXBCL10-01	P1	8	176.2	178.6	178.3	184.6	184.5	179.7	181.6	184.5	183.8	181.3	3.03	184.6	176.2	0.02	1.01	0.92	0.92	1.19	1.16	1.21	1.12	1.12	1.12	1	0
2025/11/13 00:45:10	1	DIFFXBCL10-01	P1	10	181.4	182.8	180.4	186.7	188.6	186.8	185.8	186.9	183.8	184.8	2.65	188.6	180.4	0.02	1.03	0.93	0.91	1.18	1.17	1.22	1.15	1.13	1.13	1	0
2025/11/13 00:47:29	1	DIFFXBCL10-01	P1	12	191.8	193.0	193.5	200.0	200.1	197.0	195.9	198.6	197.0	196.3	2.86	200.1	191.8	0.02	1.02	0.95	0.91	1.18	1.15	1.20	1.11	1.10	1.10	2	1
2025/11/13 00:49:40	2	DIFFXBCL10-01	P2	2	183.5	187.7	239.4	198.4	174.9	176.9	177.9	175.7	195.8	190.0	19.27	239.4	174.9	0.17	1.00	0.91	0.92	1.15	1.13	1.19	1.10	1.09	1.10	3	1
2025/11/13 00:52:30	2	DIFFXBCL10-01	P2	4	178.6	181.4	181.8	188.9	189.3	186.0	186.4	189.9	188.3	185.6	3.83	189.9	178.6	0.03	1.01	0.91	0.90	1.15	1.16	1.22	1.09	1.12	1.11	1	0
2025/11/13 00:54:53	2	DIFFXBCL10-01	P2	6	176.9	178.2	178.7	182.4	181.6	178.1	179.7	181.9	183.0	180.1	2.09	183.0	176.9	0.02	1.00	0.92	0.89	1.15	1.13	1.19	1.10	1.10	1.11	1	1
2025/11/13 00:57:57	2	DIFFXBCL10-01	P2	8	0.1	0.1	0.1	0.1	0.1	0.1	0.1	0.1	0.1	0.1	0.00	0.1	0.1	0.00	1.57	1.56	1.52	1.67	1.70	1.69	1.91	1.88	1.84	0	0
2025/11/13 01:00:42	2	DIFFXBCL10-01	P2	10	167.7	170.7	171.7	179.0	177.6	173.6	174.1	178.5	178.5	174.6	3.82	179.0	167.7	0.03	1.01	0.90	0.90	1.15	1.15	1.19	1.11	1.11	1.12	1	1
2025/11/13 01:11:17	2	DIFFXBCL10-01	P2	12	0.1	0.1	0.1	0.1	0.1	0.1	0.1	0.1	0.1	0.1	0.00	0.1	0.1	0.00	1.59	1.57	1.53	1.66	1.70	1.69	1.91	1.88	1.85	0	0
2025/11/13 01:13:24	1	DIFFXBCL10-03	I1	2	155.3	156.0	169.2	158.8	162.6	157.6	155.8	158.5	156.2	158.9	4.22	169.2	155.3	0.04	1.00	0.95	0.90	1.17	1.16	1.20	1.15	1.11	1.10	2	1
2025/11/13 01:17:10	1	DIFFXBCL10-03	I1	4	193.5	194.1	191.7	196.7	197.7	194.4	195.0	196.5	194.3	194.9	1.74	197.7	191.7	0.02	0.99	0.90	0.89	1.15	1.14	1.18	1.09	1.09	1.10	2	1
2025/11/13 01:21:25	1	DIFFXBCL10-03	I1	6	168.0	170.7	171.7	176.5	176.8	173.5	174.4	176.7	176.0	173.8	2.94	176.8	168.0	0.03	1.03	0.91	0.94	1.18	1.18	1.23	1.15	1.13	1.14	1	0
2025/11/13 01:24:04	1	DIFFXBCL10-03	I1	8	176.1	177.9	177.9	182.0	181.7	178.1	176.4	179.1	179.3	178.7	1.95	182.0	176.1	0.02	1.01	0.93	0.91	1.17	1.17	1.20	1.09	1.10	1.10	1	1
2025/11/13 01:27:34	1	DIFFXBCL10-03	I1	10	182.5	183.6	180.4	186.7	190.5	187.2	185.8	187.7	183.9	185.4	2.89	190.5	180.4	0.03	0.99	0.89	0.90	1.14	1.14	1.19	1.10	1.11	1.10	1	1
2025/11/13 01:34:45	1	DIFFXBCL10-03	I1	12	188.2	188.0	186.3	192.8	195.6	192.3	191.1	193.0	190.6	190.9	2.77	195.6	186.3	0.02	1.02	0.95	0.92	1.18	1.17	1.23	1.13	1.14	1.15	2	0
2025/11/13 01:38:07	2	DIFFXBCL10-03	I2	2	165.9	170.4	204.6	180.4	164.8	163.8	164.9	164.6	178.3	173.1	12.59	204.6	163.8	0.12	1.01	0.93	0.91	1.16	1.14	1.19	1.10	1.09	1.11	1	1
2025/11/13 01:41:33	2	DIFFXBCL10-03	I2	4	183.4	185.1	184.7	189.1	188.1	185.3	185.3	188.3	188.0	186.4	1.90	189.1	183.4	0.02	1.02	0.96	0.92	1.16	1.16	1.20	1.13	1.13	1.13	1	1
2025/11/13 01:43:32	2	DIFFXBCL10-03	I2	6	174.3	177.6	179.5	181.5	180.0	177.4	178.5	180.3	181.2	178.9	2.13	181.5	174.3	0.02	0.97	0.93	0.90	1.17	1.17	1.20	1.09	1.11	1.12	1	1
2025/11/13 01:45:42	2	DIFFXBCL10-03	I2	8	168.1	170.4	170.5	177.6	176.4	172.9	172.7	177.1	177.2	173.7	3.34	177.6	168.1	0.03	1.00	0.92	0.90	1.15	1.14	1.19	1.10	1.10	1.10	1	1
2025/11/13 01:47:51	2	DIFFXBCL10-03	I2	10	172.6	174.3	173.8	179.3	179.7	176.1	175.5	178.1	177.7	176.3	2.37	179.7	172.6	0.02	1.00	0.91	0.91	1.15	1.15	1.19	1.10	1.11	1.11	1	1
2025/11/13 01:52:07	2	DIFFXBCL10-03	I2	12	180.7	183.6	182.6	188.8	189.1	185.3	184.2	187.8	186.0	185.3	2.71	189.1	180.7	0.02	1.06	0.97	0.93	1.17	1.18	1.22	1.12	1.12	1.13	1	0
2025/11/13 01:55:34	1	DIFFXBCL10-02	W1	2	157.2	161.3	183.9	168.5	160.4	157.0	157.6	158.6	166.6	163.5	8.21	183.9	157.0	0.08	1.00	0.93	0.91	1.15	1.15	1.21	1.10	1.13	1.12	2	0
2025/11/13 02:04:35	1	DIFFXBCL10-02	W1	4	198.4	200.7	201.0	209.5	210.2	206.0	205.2	208.8	208.2	205.3	4.08	210.2	198.4	0.03	1.00	0.93	0.91	1.14	1.15	1.20	1.12	1.11	1.12	0	1
2025/11/13 02:09:08	1	DIFFXBCL10-02	W1	6	175.5	177.8	179.9	186.2	184.0	180.3	182.3	185.5	188.0	182.2	3.90	188.0	175.5	0.03	1.01	0.95	0.91	1.15	1.15	1.20	1.11	1.12	1.13	1	1
2025/11/13 02:13:05	1	DIFFXBCL10-02	W1	8	174.0	176.1	177.4	183.5	181.9	177.5	179.1	182.6	183.2	179.5	3.26	183.5	174.0	0.03	1.00	0.91	0.88	1.14	1.15	1.20	1.12	1.10	1.12	1	1
2025/11/13 02:18:01	1	DIFFXBCL10-02	W1	10	179.1	181.7	181.4	186.9	187.4	183.3	182.8	186.4	184.5	183.7	2.65	187.4	179.1	0.02	1.04	0.97	0.95	1.19	1.20	1.24	1.17	1.15	1.15	1	0
2025/11/13 02:21:00	1	DIFFXBCL10-02	W1	12	187.7	191.3	188.0	195.8	201.0	196.0	194.0	196.8	191.1	193.5	4.13	201.0	187.7	0.03	1.03	0.94	0.93	1.17	1.17	1.19	1.12	1.14	1.14	2	1
2025/11/13 02:25:08	2	DIFFXBCL10-02	W2	2	183.3	195.5	240.1	214.5	184.5	178.1	176.4	180.9	206.5	195.5	20.06	240.1	176.4	0.16	1.03	0.95	0.94	1.19	1.18	1.23	1.14	1.14	1.14	3	0
2025/11/13 02:28:35	2	DIFFXBCL10-02	W2	4	177.3	179.4	180.2	186.4	185.3	182.5	183.8	187.1	186.1	183.1	3.29	187.1	177.3	0.03	1.01	0.92	0.90	1.17	1.15	1.20	1.11	1.11	1.09	1	1
2025/11/13 02:32:04	2	DIFFXBCL10-02	W2	6	179.8	181.2	182.1	185.8	183.4	180.5	182.4	184.4	186.1	182.9	2.12	186.1	179.8	0.02	0.98	0.93	0.82	1.16	1.16	1.19	1.09	1.11	1.09	1	1
2025/11/13 02:34:17	2	DIFFXBCL10-02	W2	8	177.0	177.8	179.2	183.1	180.4	178.1	180.6	182.8	183.7	180.3	2.33	183.7	177.0	0.02	1.02	0.91	0.90	1.15	1.16	1.20	1.11	1.11	1.13	1	1
2025/11/13 02:38:57	2	DIFFXBCL10-02	W2	10	170.7	171.9	174.0	179.4	177.8	174.1	176.3	178.9	179.9	175.9	3.18	179.9	170.7	0.03	1.02	0.95	0.93	1.19	1.17	1.21	1.14	1.13	1.15	1	0
2025/11/13 02:42:48	2	DIFFXBCL10-02	W2	12	172.9	172.4	171.7	175.4	174.5	174.0	174.8	175.6	175.5	174.1	1.36	175.6	171.7	0.01	1.00	0.93	0.91	1.15	1.15	1.19	1.11	1.11	1.12	1	1
2025/11/13 02:47:55	1	DIFFXBCL10-04	k1	2	167.8	170.6	202.4	176.6	164.2	164.0	163.2	162.2	173.8	171.6	11.86	202.4	162.2	0.12	1.02	0.94	0.93	1.17	1.18	1.22	1.13	1.13	1.11	1	0
2025/11/13 02:51:06	1	DIFFXBCL10-04	k1	4	188.3	190.2	190.6	196.5	196.3	193.7	195.1	197.7	197.3	194.0	3.26	197.7	188.3	0.02	1.02	0.92	0.91	1.17	1.17	1.21	1.13	1.13	1.14	2	0
2025/11/13 02:55:24	1	DIFFXBCL10-04	k1	6	168.5	171.4	173.0	178.1	176.2	171.7	174.4	177.7	178.8	174.4	3.34	178.8	168.5	0.03	1.03	0.91	0.93	1.19	1.21	1.23	1.13	1.13	1.15	1	0
2025/11/13 02:58:33	1	DIFFXBCL10-04	k1	8	175.2	177.3	177.6	183.4	182.0	177.8	179.3	182.9	183.3	179.9	2.91	183.4	175.2	0.02	1.03	0.97	0.94	1.20	1.19	1.24	1.15	1.15	1.16	1	0
2025/11/13 03:01:14	1	DIFFXBCL10-04	k1	10	180.8	184.0	183.8	189.1	189.1	185.2	184.5	188.5	187.9	185.9	2.74	189.1	180.8	0.02	1.03	0.93	0.91	1.16	1.16	1.21	1.13	1.13	1.13	1	0
2025/11/13 03:03:51	1	DIFFXBCL10-04	k1	12	192.3	193.9	193.7	197.8	199.2	196.5	195.1	197.0	194.8	195.6	2.08	199.2	192.3	0.02	1.00	0.88	0.90	1.15	1.15	1.19	1.09	1.11	1.11	2	1
2025/11/13 03:06:10	2	DIFFXBCL10-04	k2	2	159.3	162.2	180.6	169.8	164.0	161.6	160.1	162.1	170.0	165.5	6.45	180.6	159.3	0.06	1.02	0.87	0.89	1.16	1.14	1.18	1.10	1.11	1.12	2	1
2025/11/13 03:09:27	2	DIFFXBCL10-04	k2	4	191.4	192.6	193.3	197.0	195.8	192.5	194.3	196.3	197.1	194.5	2.02	197.1	191.4	0.01	1.00	0.91	0.88	1.14	1.12	1.17	1.09	1.08	1.09	2	1
2025/11/13 03:12:19	2	DIFFXBCL10-04	k2	6	183.7	185.7	188.1	190.3	187.8	184.5	187.4	189.5	192.1	187.7	2.58	192.1	183.7	0.02	1.01	0.92	0.91	1.15	1.15	1.20	1.12	1.12	1.13	1	1
2025/11/13 03:15:15	2	DIFFXBCL10-04	k2	8	176.1	177.4	178.6	183.2	181.3	178.6	180.3	182.6	183.2	180.1	2.47	183.2	176.1	0.02	1.02	0.91	0.89	1.14	1.13	1.18	1.09	1.09	1.09	1	1
2025/11/13 03:19:41	2	DIFFXBCL10-04	k2	10	168.8	170.9	170.9	177.5	178.4	174.3	174.2	177.4	176.7	174.3	3.26	178.4	168.8	0.03	1.03	0.91	0.91	1.15	1.17	1.20	1.12	1.13	1.12	1	1
2025/11/13 03:23:19	2	DIFFXBCL10-04	k2	12	169.0	171.0	170.7	176.7	179.4	174.8	173.8	176.8	175.3	174.2	3.19	179.4	169.0	0.03	1.02	0.91	0.91	1.17	1.17	1.20	1.12	1.12	1.13	1	1
2025/11/13 03:26:40	1	DIFFXBCL10-05	X1	2	157.6	159.5	179.0	162.6	164.5	160.9	159.8	161.5	161.1	162.9	5.97	179.0	157.6	0.07	1.01	0.92	0.90	1.15	1.15	1.19	1.12	1.10	1.14	2	1
2025/11/13 03:29:28	1	DIFFXBCL10-05	X1	4	199.2	199.8	200.6	206.0	205.0	201.9	205.2	206.7	206.0	203.4	2.81	206.7	199.2	0.02	0.99	0.89	0.90	1.14	1.14	1.19	1.10	1.10	1.11	2	1
2025/11/13 03:36:46	1	DIFFXBCL10-05	X1	6	170.4	172.0	173.2	178.9	177.2	174.6	176.1	178.7	179.0	175.6	3.01	179.0	170.4	0.02	1.01	0.92	0.91	1.14	1.10	1.19	1.11	1.10	1.11	1	1
2025/11/13 03:39:23	1	DIFFXBCL10-05	X1	8	176.8	178.9	179.3	184.7	184.2	180.1	181.1	184.4	184.5	181.6	2.80	184.7	176.8	0.02	1.05	0.96	0.93	1.19	1.18	1.22	1.15	1.15	1.17	1	0
2025/11/13 03:44:26	1	DIFFXBCL10-05	X1	10	183.1	184.9	184.8	189.5	189.4	185.8	186.1	188.6	187.9	186.7	2.14	189.5	183.1	0.02	1.01	0.92	0.89	1.15	1.15	1.20	1.11	1.11	1.13	1	1
2025/11/13 03:46:46	1	DIFFXBCL10-05	X1	12	193.9	196.0	194.3	200.3	202.7	198.7	196.9	199.6	197.5	197.8	2.71	202.7	193.9	0.02	1.01	0.93	0.91	1.16	1.16	1.20	1.08	1.11	1.11	2	1
2025/11/13 03:50:44	2	DIFFXBCL10-05	X2	2	162.4	165.6	189.7	176.3	169.0	166.4	166.8	168.9	180.1	171.7	8.21	189.7	162.4	0.08	0.99	0.92	0.90	1.15	1.16	1.21	1.12	1.11	1.10	1	0
2025/11/13 03:53:25	2	DIFFXBCL10-05	X2	4	190.7	192.0	192.5	197.3	195.7	193.1	193.9	196.7	196.9	194.3	2.27	197.3	190.7	0.02	1.01	0.95	0.90	1.15	1.13	1.20	1.11	1.10	1.12	2	1
2025/11/13 04:00:08	2	DIFFXBCL10-05	X2	6	174.4	176.0	177.3	181.9	180.8	177.9	178.1	181.1	181.7	178.8	2.54	181.9	174.4	0.02	0.98	0.90	0.90	1.14	1.15	1.19	1.09	1.10	1.09	1	1
2025/11/13 04:02:19	2	DIFFXBCL10-05	X2	8	170.6	173.6	174.8	182.3	182.0	176.5	177.8	182.0	182.1	178.0	4.14	182.3	170.6	0.03	0.98	0.90	0.88	1.14	1.13	1.18	1.08	1.08	1.08	1	1
2025/11/13 04:04:40	2	DIFFXBCL10-05	X2	10	175.9	178.8	178.5	185.1	185.6	179.7	180.1	184.2	183.7	181.3	3.24	185.6	175.9	0.03	1.01	0.92	0.89	1.17	1.14	1.19	1.10	1.10	1.10	1	1
2025/11/13 04:06:50	2	DIFFXBCL10-05	X2	12	187.9	189.7	188.0	193.9	194.1	191.4	190.5	193.2	191.7	191.2	2.21	194.1	187.9	0.02	1.02	0.94	0.91	1.17	1.18	1.22	1.13	1.14	1.14	2	0
2025/11/13 04:14:27	1	DIFFXBCL10-01	N1	2	169.6	175.6	205.0	181.4	174.7	174.7	171.7	172.5	185.0	178.9	10.27	205.0	169.6	0.10	1.02	0.92	0.94	1.20	1.22	1.25	1.14	1.15	1.16	1	0
2025/11/13 04:20:50	1	DIFFXBCL10-01	N1	4	498.8	207.6	178.8	184.4	196.8	530.1	495.2	191.9	186.8	296.7	149.89	530.1	178.8	0.59	0.96	0.94	0.90	1.17	1.17	1.20	1.08	1.11	1.10	0	1
2025/11/13 04:24:15	1	DIFFXBCL10-01	N1	6	174.3	174.7	174.0	177.9	178.6	175.8	177.6	179.3	178.6	176.8	1.95	179.3	174.0	0.01	1.02	0.94	0.92	1.19	1.20	1.23	1.12	1.12	1.12	1	0
2025/11/13 04:28:13	1	DIFFXBCL10-01	N1	8	174.6	177.3	177.4	184.7	182.7	179.9	181.2	185.1	184.5	180.8	3.56	185.1	174.6	0.03	1.01	0.94	0.91	1.16	1.16	1.21	1.11	1.12	1.07	1	0
2025/11/13 04:31:58	1	DIFFXBCL10-01	N1	10	180.9	182.0	180.9	186.0	186.7	184.5	184.3	186.3	184.3	184.0	2.11	186.7	180.9	0.02	1.02	0.95	0.92	1.19	1.17	1.23	1.15	1.14	1.15	1	0
2025/11/13 04:34:46	1	DIFFXBCL10-01	N1	12	191.2	193.4	193.5	196.4	196.8	194.6	193.6	195.0	194.0	194.3	1.59	196.8	191.2	0.01	1.01	0.94	0.92	1.16	1.15	1.20	1.12	1.12	1.12	2	1
2025/11/13 04:37:40	2	DIFFXBCL10-01	N2	2	169.1	170.4	199.1	177.0	168.8	167.1	166.9	167.0	174.3	173.3	9.69	199.1	166.9	0.09	1.00	0.90	0.90	1.14	1.15	1.19	1.10	1.11	1.12	1	1
2025/11/13 04:40:07	2	DIFFXBCL10-01	N2	4	209.6	168.9	175.2	178.7	174.6	172.1	178.4	180.1	181.1	179.9	11.15	209.6	168.9	0.11	0.99	0.94	0.91	1.19	1.18	1.21	1.11	1.13	1.13	1	0
2025/11/13 04:43:13	2	DIFFXBCL10-01	N2	6	170.5	172.9	174.1	179.8	177.7	173.7	175.0	177.9	178.9	175.6	2.94	179.8	170.5	0.03	1.01	0.92	0.91	1.16	1.15	1.18	1.10	1.11	1.12	1	1
2025/11/13 04:45:50	2	DIFFXBCL10-01	N2	8	169.4	171.3	171.1	177.9	177.4	172.7	173.6	177.2	176.9	174.2	3.05	177.9	169.4	0.02	0.98	0.90	0.89	1.14	1.13	1.18	1.10	1.10	1.11	1	1
2025/11/13 04:50:30	2	DIFFXBCL10-01	N2	10	180.6	181.6	181.0	186.1	187.9	184.1	183.2	185.7	185.1	183.9	2.37	187.9	180.6	0.02	1.02	0.91	0.90	1.16	1.16	1.22	1.10	1.11	1.11	1	0
2025/11/13 04:56:38	2	DIFFXBCL10-01	N2	12	195.7	196.9	195.1	198.4	199.5	197.3	195.9	197.5	195.7	196.9	1.36	199.5	195.1	0.01	1.01	0.96	0.91	1.15	1.19	1.21	1.10	1.12	1.12	2	0
2025/11/13 04:59:44	1	DIFFXBCL10-03	A1	2	158.5	158.6	169.5	159.6	164.6	159.6	158.3	161.4	157.8	160.9	3.63	169.5	157.8	0.04	1.01	0.90	0.89	1.16	1.15	1.20	1.10	1.13	1.09	2	1
2025/11/13 05:05:59	1	DIFFXBCL10-03	A1	4	193.9	194.6	193.2	198.5	201.6	198.3	199.0	200.5	197.9	197.5	2.78	201.6	193.2	0.02	1.03	0.97	0.93	1.18	1.18	1.22	1.13	1.13	1.15	2	0
2025/11/13 05:10:02	1	DIFFXBCL10-03	A1	6	180.4	184.6	184.6	190.7	191.1	186.3	186.3	190.7	190.2	187.2	3.50	191.1	180.4	0.03	0.98	0.92	0.89	1.18	1.17	1.20	1.12	1.12	1.12	1	1
2025/11/13 05:12:37	1	DIFFXBCL10-03	A1	8	183.0	186.4	186.0	191.7	193.0	187.5	184.0	189.3	187.8	187.6	3.11	193.0	183.0	0.03	1.00	0.92	0.90	1.15	1.16	1.20	1.10	1.10	1.12	1	1
2025/11/13 05:17:35	1	DIFFXBCL10-03	A1	10	161.6	160.4	158.1	173.5	175.0	172.4	171.5	173.5	171.5	168.6	6.21	175.0	158.1	0.05	1.04	0.96	0.92	1.19	1.21	1.22	1.13	1.13	1.14	2	0
2025/11/13 05:20:19	1	DIFFXBCL10-03	A1	12	177.9	182.8	183.9	189.3	189.6	184.5	182.1	187.8	186.6	184.9	3.58	189.6	177.9	0.03	1.01	0.93	0.90	1.17	1.17	1.21	1.10	1.11	1.11	1	0
2025/11/13 05:25:22	2	DIFFXBCL10-03	A2	2	161.1	170.0	204.8	179.5	165.4	159.0	156.2	161.2	176.4	170.4	14.26	204.8	156.2	0.14	1.03	0.98	0.92	1.18	1.20	1.22	1.14	1.15	1.17	1	0
2025/11/13 05:27:08	2	DIFFXBCL10-03	A2	4	194.8	198.7	198.4	204.6	204.8	200.8	198.9	203.3	202.3	200.7	3.14	204.8	194.8	0.02	1.01	0.93	0.90	1.16	1.17	1.20	1.11	1.11	1.11	2	1
2025/11/13 05:29:29	2	DIFFXBCL10-03	A2	6	182.5	185.4	186.4	191.0	190.1	186.9	185.8	189.3	190.1	187.5	2.64	191.0	182.5	0.02	1.02	0.96	0.92	1.18	1.19	1.22	1.13	1.14	1.15	1	0
2025/11/13 05:34:26	2	DIFFXBCL10-03	A2	8	176.5	179.8	180.3	186.9	185.4	181.9	180.0	185.3	185.7	182.4	3.34	186.9	176.5	0.03	1.02	0.96	0.92	1.18	1.16	1.21	1.12	1.12	1.14	1	0
2025/11/13 05:36:49	2	DIFFXBCL10-03	A2	10	173.6	177.6	177.3	183.9	184.7	180.0	177.1	182.5	181.7	179.8	3.47	184.7	173.6	0.03	1.01	0.96	0.93	1.17	1.20	1.21	1.05	1.13	1.13	1	0
2025/11/13 05:39:49	2	DIFFXBCL10-03	A2	12	182.8	186.5	185.5	193.2	195.7	190.9	186.5	191.5	189.3	189.1	3.88	195.7	182.8	0.03	0.98	0.93	0.90	1.18	1.18	1.21	1.11	1.11	1.12	1	0
2025/11/13 05:42:16	1	DIFFXBCL10-02	C1	2	170.8	173.2	194.1	176.2	168.4	167.5	166.7	166.5	173.6	173.0	8.12	194.1	166.5	0.08	1.02	0.95	0.91	1.19	1.18	1.21	1.13	1.13	1.15	1	0
2025/11/13 05:47:39	1	DIFFXBCL10-02	C1	4	202.0	204.4	202.4	210.2	212.2	209.4	208.7	211.6	209.9	207.9	3.68	212.2	202.0	0.02	0.97	0.90	0.93	1.15	1.15	1.20	1.11	1.11	1.12	0	1
2025/11/13 05:53:07	1	DIFFXBCL10-02	C1	6	182.5	184.8	185.4	192.5	191.9	187.1	190.1	194.1	194.2	189.2	4.10	194.2	182.5	0.03	1.01	0.94	0.91	1.16	1.16	1.20	1.12	1.12	1.11	1	1
2025/11/13 05:57:43	1	DIFFXBCL10-02	C1	8	191.4	195.4	195.7	204.7	205.1	199.5	198.2	204.1	201.5	199.5	4.50	205.1	191.4	0.03	1.03	0.95	0.92	1.17	1.18	1.21	1.13	1.13	1.13	2	0
2025/11/13 06:02:21	1	DIFFXBCL10-02	C1	10	233.7	238.9	238.4	246.8	248.2	241.4	239.2	245.6	244.4	241.8	4.47	248.2	233.7	0.03	1.01	0.94	0.91	1.16	1.16	1.20	1.11	1.12	1.12	0	1
2025/11/13 06:04:42	1	DIFFXBCL10-02	C1	12	295.3	303.3	300.3	312.4	318.0	308.1	305.1	312.5	305.0	306.7	6.53	318.0	295.3	0.04	1.03	0.94	0.92	1.18	1.17	1.21	1.12	1.13	1.13	0	0
2025/11/13 06:11:39	2	DIFFXBCL10-02	C2	2	162.1	165.1	185.5	173.1	171.3	167.6	164.6	167.6	171.4	169.8	6.50	185.5	162.1	0.07	0.99	0.90	0.90	1.18	1.17	1.20	1.12	1.14	1.12	2	1
2025/11/13 06:15:31	2	DIFFXBCL10-02	C2	4	198.7	200.8	200.6	207.6	207.5	203.3	203.7	207.4	207.1	204.1	3.28	207.6	198.7	0.02	1.01	0.93	0.90	1.17	1.15	1.19	1.11	1.11	1.12	2	1
2025/11/13 06:17:57	2	DIFFXBCL10-02	C2	6	189.5	191.1	192.3	196.5	195.0	192.3	194.0	195.9	196.8	193.7	2.41	196.8	189.5	0.02	1.03	0.95	0.92	1.17	1.16	1.21	1.13	1.13	1.13	2	0
2025/11/13 06:21:25	2	DIFFXBCL10-02	C2	8	178.2	180.6	179.9	186.1	187.9	183.9	184.1	187.3	185.2	183.7	3.22	187.9	178.2	0.03	1.00	0.95	0.92	1.17	1.16	1.21	1.13	1.12	1.14	1	0
2025/11/13 06:25:20	2	DIFFXBCL10-02	C2	10	177.7	180.4	179.5	186.1	187.0	183.6	181.8	185.4	183.4	182.8	2.98	187.0	177.7	0.03	1.00	0.94	0.90	1.16	1.14	1.19	1.11	1.11	1.11	1	1
2025/11/13 06:29:59	2	DIFFXBCL10-02	C2	12	198.9	204.4	202.0	212.5	217.3	208.5	205.0	211.6	207.3	207.5	5.36	217.3	198.9	0.04	0.99	0.90	0.89	1.14	1.15	1.19	1.06	1.11	1.11	0	1
2025/11/13 06:33:53	1	DIFFXBCL10-04	Q1	2	171.5	170.7	162.8	169.0	183.5	179.2	175.5	180.4	166.9	173.3	6.44	183.5	162.8	0.06	1.06	0.96	0.92	1.17	1.23	1.22	1.13	1.14	1.15	1	0
2025/11/13 06:38:02	1	DIFFXBCL10-04	Q1	4	204.1	210.9	213.3	220.6	219.3	214.4	217.2	221.8	221.9	215.9	5.57	221.9	204.1	0.04	1.01	0.93	0.91	1.17	1.17	1.21	1.15	1.12	1.15	0	0
2025/11/13 06:40:46	1	DIFFXBCL10-04	Q1	6	194.5	195.7	198.0	201.1	196.8	194.5	199.2	201.0	204.2	198.3	3.14	204.2	194.5	0.02	1.01	0.93	0.96	1.17	1.12	1.21	1.09	1.13	1.14	2	0
2025/11/13 06:44:42	1	DIFFXBCL10-04	Q1	8	193.5	195.9	197.9	202.7	201.4	197.8	199.7	202.0	203.7	199.4	3.20	203.7	193.5	0.03	1.01	0.92	0.92	1.17	1.17	1.22	1.12	1.13	1.13	2	0
2025/11/13 06:48:25	1	DIFFXBCL10-04	Q1	10	178.4	181.0	181.6	188.7	188.0	183.7	185.5	188.8	189.0	185.0	3.74	189.0	178.4	0.03	1.01	0.93	0.91	1.16	1.15	1.19	1.10	1.12	1.11	1	1
2025/11/13 06:51:06	1	DIFFXBCL10-04	Q1	12	177.0	179.3	178.1	185.2	188.3	181.6	181.6	185.2	183.6	182.2	3.50	188.3	177.0	0.03	1.03	0.94	0.94	1.18	1.18	1.22	1.13	1.12	1.13	1	0
2025/11/13 06:53:30	2	DIFFXBCL10-04	Q2	2	169.2	174.4	201.0	185.3	173.4	169.0	169.5	171.8	185.1	177.6	10.19	201.0	169.0	0.09	0.98	0.89	0.90	1.15	1.13	1.18	1.08	1.10	1.11	1	1
2025/11/13 06:56:52	2	DIFFXBCL10-04	Q2	4	186.0	189.7	190.5	194.6	193.5	190.6	190.1	193.6	193.0	191.3	2.52	194.6	186.0	0.02	1.00	0.93	0.89	1.15	1.13	1.18	1.09	1.10	1.11	2	1
2025/11/13 06:59:23	2	DIFFXBCL10-04	Q2	6	178.0	180.0	181.3	186.4	184.3	182.2	182.6	185.3	185.3	182.8	2.61	186.4	178.0	0.02	0.99	0.91	0.89	1.14	1.12	1.18	1.09	1.10	1.10	1	1
2025/11/13 07:01:27	2	DIFFXBCL10-04	Q2	8	175.0	177.9	177.9	183.4	182.5	177.8	178.5	181.8	181.9	179.6	2.67	183.4	175.0	0.02	0.99	0.94	0.90	1.16	1.14	1.18	1.10	1.11	1.10	1	1
2025/11/13 07:06:14	2	DIFFXBCL10-04	Q2	10	176.2	178.4	178.6	184.6	185.5	181.0	180.7	184.1	182.6	181.3	2.99	185.5	176.2	0.03	0.94	0.92	0.89	1.14	1.14	1.17	1.09	1.10	1.10	1	1
2025/11/13 07:09:14	2	DIFFXBCL10-04	Q2	12	187.4	189.5	187.8	192.8	195.7	192.1	189.3	192.1	189.4	190.7	2.53	195.7	187.4	0.02	1.04	0.92	0.90	1.15	1.16	1.20	1.11	1.12	1.13	2	1
2025/11/13 07:11:53	1	DIFFXBCL10-05	P1	2	157.4	159.6	178.3	165.4	168.7	164.1	164.1	167.1	164.9	165.5	5.59	178.3	157.4	0.06	1.01	0.94	0.91	1.17	1.17	1.16	1.10	1.11	1.11	2	1
2025/11/13 07:16:44	1	DIFFXBCL10-05	P1	4	184.7	189.7	195.6	199.7	194.7	188.6	185.4	190.7	195.3	191.6	4.77	199.7	184.7	0.04	1.00	0.90	0.92	1.18	1.15	1.23	1.10	1.11	1.12	2	0
2025/11/13 07:20:01	1	DIFFXBCL10-05	P1	6	172.3	174.4	175.5	180.6	178.9	176.8	179.0	181.2	181.4	177.8	3.04	181.4	172.3	0.03	1.01	0.92	0.91	1.18	1.17	1.21	1.14	1.13	1.13	1	0
2025/11/13 07:33:07	1	DIFFXBCL10-05	P1	8	181.3	183.1	184.5	190.5	188.7	183.4	184.8	188.7	189.2	186.0	3.09	190.5	181.3	0.02	1.03	0.93	0.93	1.17	1.17	1.21	1.12	1.13	1.13	1	0
2025/11/13 07:37:08	1	DIFFXBCL10-05	P1	10	187.3	189.1	188.4	193.9	196.1	191.3	191.0	193.8	191.7	191.4	2.70	196.1	187.3	0.02	1.00	0.95	0.93	1.19	1.18	1.21	1.09	1.12	1.13	2	0
2025/11/13 07:39:27	1	DIFFXBCL10-05	P1	12	200.0	201.6	201.6	205.4	206.0	202.4	201.0	202.9	202.1	202.6	1.86	206.0	200.0	0.01	1.01	0.91	0.91	1.17	1.15	1.19	1.10	1.11	1.12	2	1
2025/11/13 07:41:38	2	DIFFXBCL10-05	P2	2	159.1	163.6	187.0	175.6	167.7	163.6	164.8	167.0	178.8	169.7	8.43	187.0	159.1	0.08	0.99	0.92	0.89	1.15	1.17	1.19	1.09	1.08	1.10	2	1
2025/11/13 07:44:32	2	DIFFXBCL10-05	P2	4	187.3	189.6	189.7	194.9	194.0	189.9	191.2	194.3	194.3	191.7	2.59	194.9	187.3	0.02	0.99	0.92	0.89	1.16	1.13	1.18	1.10	1.10	1.13	2	1
2025/11/13 07:47:36	2	DIFFXBCL10-05	P2	6	180.3	182.1	183.4	188.3	185.2	181.6	184.5	187.6	188.2	184.6	2.81	188.3	180.3	0.02	1.00	0.89	0.89	1.15	1.15	1.19	1.12	1.10	1.10	1	1
2025/11/13 07:50:01	2	DIFFXBCL10-05	P2	8	172.8	176.1	177.9	185.4	184.0	179.2	179.8	184.2	184.9	180.5	4.18	185.4	172.8	0.03	1.00	0.85	0.88	1.13	1.15	1.17	1.07	1.08	1.07	1	1
2025/11/13 07:53:23	2	DIFFXBCL10-05	P2	10	172.4	175.7	176.0	182.4	181.6	176.6	176.4	180.8	180.9	178.1	3.23	182.4	172.4	0.03	1.00	0.95	0.90	1.16	1.18	1.20	1.10	1.10	1.11	1	1
2025/11/13 07:59:41	2	DIFFXBCL10-05	P2	12	173.2	176.5	175.5	182.3	184.0	178.4	178.1	182.4	180.8	179.0	3.40	184.0	173.2	0.03	0.97	0.92	0.88	1.12	1.12	1.19	1.09	1.09	1.10	1	1
